MAKE NETWORK MORE COMPLEX
PRIVATE: 0.89336
PUBLIC: 0.85991
TRAIN: 1.0003
